IDObjectFood=24012
ActorFood=7
PosFoods0=1450.355957
PosFoods1=-1565.253662
PosFoods2=13.546875
PosFoods3=175.726013
