IDObjectFood=24013
ActorFood=13
PosFoods0=1444.124511
PosFoods1=-1583.761840
PosFoods2=13.546875
PosFoods3=191.008804
