IDObjectFood=24014
ActorFood=0
PosFoods0=1456.870483
PosFoods1=-1583.685424
PosFoods2=13.546875
PosFoods3=184.716018
