IDObjectFood=24015
ActorFood=0
PosFoods0=1105.312500
PosFoods1=-1776.458007
PosFoods2=13.558939
PosFoods3=82.915977
