IDObjectFood=24016
ActorFood=0
PosFoods0=1825.916625
PosFoods1=-1826.816406
PosFoods2=13.414062
PosFoods3=57.249210
