IDObjectFood=24017
ActorFood=0
PosFoods0=2108.453125
PosFoods1=-1623.225097
PosFoods2=13.570102
PosFoods3=270.844024
