IDObjectFood=24018
ActorFood=0
PosFoods0=1471.173583
PosFoods1=-1724.908203
PosFoods2=13.546875
PosFoods3=26.251062
