IDObjectFood=24019
ActorFood=0
PosFoods0=2431.760498
PosFoods1=-2103.912597
PosFoods2=13.552991
PosFoods3=287.200775
