IDObjectTree=22992
PosTrees0=-1092.379516
PosTrees1=-1186.432617
PosTrees2=129.218750
PosTrees3=7.135231
