IDObjectTree=23013
PosTrees0=-1119.022827
PosTrees1=-1168.813598
PosTrees2=129.218750
PosTrees3=24.889551
