IDObjectTree=23006
PosTrees0=-1103.674804
PosTrees1=-1184.185058
PosTrees2=129.973693
PosTrees3=69.344184
