IDObjectTree=22996
PosTrees0=-1086.282592
PosTrees1=-1173.994262
PosTrees2=129.218750
PosTrees3=53.375591
