IDObjectTree=23008
PosTrees0=-1097.831909
PosTrees1=-1172.433593
PosTrees2=129.218750
PosTrees3=114.014938
