IDObjectTree=23009
PosTrees0=-1079.379516
PosTrees1=-1167.200195
PosTrees2=129.218750
PosTrees3=216.037612
