IDObjectTree=23010
PosTrees0=-1090.762817
PosTrees1=-1163.800048
PosTrees2=129.218750
PosTrees3=246.428359
