IDObjectTree=23011
PosTrees0=-1111.082153
PosTrees1=-1174.494873
PosTrees2=129.218750
PosTrees3=213.184249
