IDObjectTree=23012
PosTrees0=-1122.745239
PosTrees1=-1181.469970
PosTrees2=129.218750
PosTrees3=63.848545
